1
12
2053
ludmila
12345
1485.9
0
115.551
1370.35
1
12
2053
wesley alves
123
2644.23
198.317
226.307
2219.61
1
1
2053
ludmila
12345
1610.26
0
126.743
1483.51
1
1
2053
wesley alves
123
2257.69
169.327
185.012
1903.35
1
2
2053
ludmila
12345
1610.26
0
126.743
1483.51
1
2
2053
wesley alves
123
2257.69
169.327
185.012
1903.35
1
3
2053
ludmila
12345
1610.26
0
126.743
1483.51
1
3
2053
wesley alves
123
2257.69
169.327
185.012
1903.35
1
4
2053
ludmila
12345
1610.26
0
126.743
1483.51
1
4
2053
wesley alves
123
2257.69
169.327
185.012
1903.35
1
5
2053
ludmila
12345
1610.26
0
126.743
1483.51
1
5
2053
wesley alves
123
2257.69
169.327
185.012
1903.35
1
6
2053
ludmila
12345
1610.26
0
126.743
1483.51
1
6
2053
wesley alves
123
2257.69
169.327
185.012
1903.35
1
7
2053
ludmila
12345
1610.26
0
126.743
1483.51
1
7
2053
wesley alves
123
2257.69
169.327
185.012
1903.35
1
8
2053
ludmila
12345
1610.26
0
126.743
1483.51
1
8
2053
wesley alves
123
2257.69
169.327
185.012
1903.35
1
9
2053
ludmila
12345
1610.26
0
126.743
1483.51
1
9
2053
wesley alves
123
2257.69
169.327
185.012
1903.35
1
10
2053
ludmila
12345
1610.26
0
126.743
1483.51
1
10
2053
wesley alves
123
2257.69
169.327
185.012
1903.35
1
11
2053
ludmila
12345
1610.26
0
126.743
1483.51
1
11
2053
wesley alves
123
2257.69
169.327
185.012
1903.35
1
0
2053
ludmila
12345
19198.7
0
1509.72
17689
1
0
2053
wesley alves
123
27478.8
2060.91
2261.44
23156.5
